1603029361 2020/10/18_22:56:01 8 75 75 75
1603277649 2020/10/21_19:54:09 8 75 75 75
1603523977 2020/10/24_16:19:37 8 75 75 75
1603524335 2020/10/24_16:25:35 8 75 75 75
1603524490 2020/10/24_16:28:10 8 75 75 75
1603525142 2020/10/24_16:39:02 8 75 75 75
1603525202 2020/10/24_16:40:02 8 75 75 75
1603525262 2020/10/24_16:41:02 8 75 75 75
1603525322 2020/10/24_16:42:02 8 75 75 75
1603525382 2020/10/24_16:43:02 8 75 75 75
1603525443 2020/10/24_16:44:03 8 75 75 75
1603525502 2020/10/24_16:45:02 8 75 75 75
1603525562 2020/10/24_16:46:02 8 75 75 75
1603525623 2020/10/24_16:47:03 8 75 75 75
1603525683 2020/10/24_16:48:03 8 75 75 75
1603525743 2020/10/24_16:49:03 8 75 75 75
1603525803 2020/10/24_16:50:03 8 75 75 75
1603525863 2020/10/24_16:51:03 8 75 75 75
1603525923 2020/10/24_16:52:03 8 75 75 75
1603525983 2020/10/24_16:53:03 8 75 75 75
1603526043 2020/10/24_16:54:03 8 75 75 75
1603526103 2020/10/24_16:55:03 8 75 75 75
1603526163 2020/10/24_16:56:03 8 75 75 75
1603526223 2020/10/24_16:57:03 8 75 75 75
1603526283 2020/10/24_16:58:03 8 75 75 75
1603526343 2020/10/24_16:59:03 8 75 75 75
1603526403 2020/10/24_17:00:03 8 75 75 75
1603526463 2020/10/24_17:01:03 8 75 75 75
1603526523 2020/10/24_17:02:03 8 75 75 75
1603526583 2020/10/24_17:03:03 8 75 75 75
1603526642 2020/10/24_17:04:02 8 75 75 75
1603526702 2020/10/24_17:05:02 8 75 75 75
1603526762 2020/10/24_17:06:02 8 75 75 75
1603526823 2020/10/24_17:07:03 8 75 75 75
1603526882 2020/10/24_17:08:02 8 75 75 75
1603526943 2020/10/24_17:09:03 8 75 75 75
1603527002 2020/10/24_17:10:02 8 75 75 75
1603527062 2020/10/24_17:11:02 8 75 75 75
1603527122 2020/10/24_17:12:02 8 75 75 75
1603527182 2020/10/24_17:13:02 8 75 75 75
1603527243 2020/10/24_17:14:03 8 75 75 75
1603527303 2020/10/24_17:15:03 8 75 75 75
1603527363 2020/10/24_17:16:03 8 75 75 75
1603527423 2020/10/24_17:17:03 8 75 75 75
1603527483 2020/10/24_17:18:03 8 75 75 75
1603527543 2020/10/24_17:19:03 8 75 75 75
1603527603 2020/10/24_17:20:03 8 75 75 75
1603527663 2020/10/24_17:21:03 8 75 75 75
1603527723 2020/10/24_17:22:03 8 75 75 75
1603527783 2020/10/24_17:23:03 8 75 75 75
1603527842 2020/10/24_17:24:02 8 75 75 75
1603527902 2020/10/24_17:25:02 8 75 75 75
1603527962 2020/10/24_17:26:02 8 75 75 75
1603528022 2020/10/24_17:27:02 8 75 75 75
1603528083 2020/10/24_17:28:03 8 75 75 75
1603528143 2020/10/24_17:29:03 8 75 75 75
1603528203 2020/10/24_17:30:03 8 75 75 75
1603528263 2020/10/24_17:31:03 8 75 75 75
1603528323 2020/10/24_17:32:03 8 75 75 75
1603528383 2020/10/24_17:33:03 8 75 75 75
1603528443 2020/10/24_17:34:03 8 75 75 75
1603528502 2020/10/24_17:35:02 8 75 75 75
1603528562 2020/10/24_17:36:02 8 75 75 75
1603528622 2020/10/24_17:37:02 8 75 75 75
1603528682 2020/10/24_17:38:02 8 75 75 75
1603528743 2020/10/24_17:39:03 8 75 75 75
1603528803 2020/10/24_17:40:03 8 75 75 75
1603528863 2020/10/24_17:41:03 8 75 75 75
1603528923 2020/10/24_17:42:03 8 75 75 75
1603528983 2020/10/24_17:43:03 8 75 75 75
1603529043 2020/10/24_17:44:03 8 75 75 75
1603529103 2020/10/24_17:45:03 8 75 75 75
1603529163 2020/10/24_17:46:03 8 75 75 75
1603529223 2020/10/24_17:47:03 8 75 75 75
1603529282 2020/10/24_17:48:02 8 75 75 75
1603529343 2020/10/24_17:49:03 8 75 75 75
1603529403 2020/10/24_17:50:03 8 75 75 75
1603529462 2020/10/24_17:51:02 8 75 75 75
1603529522 2020/10/24_17:52:02 8 75 75 75
1603529582 2020/10/24_17:53:02 8 75 75 75
1603529643 2020/10/24_17:54:03 8 75 75 75
1603529703 2020/10/24_17:55:03 8 75 75 75
1603529763 2020/10/24_17:56:03 8 75 75 75
1603529823 2020/10/24_17:57:03 8 75 75 75
1603529883 2020/10/24_17:58:03 8 75 75 75
1603529942 2020/10/24_17:59:02 8 75 75 75
1603530002 2020/10/24_18:00:02 8 75 75 75
1603530063 2020/10/24_18:01:03 8 75 75 75
1603530123 2020/10/24_18:02:03 8 75 75 75
1603530182 2020/10/24_18:03:02 8 75 75 75
1603530243 2020/10/24_18:04:03 8 75 75 75
1603530302 2020/10/24_18:05:02 8 75 75 75
1603530362 2020/10/24_18:06:02 8 75 75 75
1603530422 2020/10/24_18:07:02 8 75 75 75
1603530483 2020/10/24_18:08:03 8 75 75 75
1603530543 2020/10/24_18:09:03 8 75 75 75
1603530603 2020/10/24_18:10:03 8 75 75 75
1603530663 2020/10/24_18:11:03 8 75 75 75
1603530723 2020/10/24_18:12:03 8 75 75 75
1603530783 2020/10/24_18:13:03 8 75 75 75
1603530843 2020/10/24_18:14:03 8 75 75 75
1603530903 2020/10/24_18:15:03 8 75 75 75
1603530963 2020/10/24_18:16:03 8 75 75 75
1603531023 2020/10/24_18:17:03 8 75 75 75
1603531082 2020/10/24_18:18:02 8 75 75 75
1603531142 2020/10/24_18:19:02 8 75 75 75
1603531203 2020/10/24_18:20:03 8 75 75 75
1603531262 2020/10/24_18:21:02 8 75 75 75
1603531322 2020/10/24_18:22:02 8 75 75 75
1603531383 2020/10/24_18:23:03 8 75 75 75
1603531443 2020/10/24_18:24:03 8 75 75 75
1603531503 2020/10/24_18:25:03 8 75 75 75
1603531563 2020/10/24_18:26:03 8 75 75 75
1603531622 2020/10/24_18:27:02 8 75 75 75
1603531682 2020/10/24_18:28:02 8 75 75 75
1603531743 2020/10/24_18:29:03 8 75 75 75
1603531803 2020/10/24_18:30:03 8 75 75 75
1603531865 2020/10/24_18:31:05 8 75 75 75
1603531923 2020/10/24_18:32:03 8 75 75 75
1603531985 2020/10/24_18:33:05 8 75 75 75
1603532042 2020/10/24_18:34:02 8 75 75 75
1603532102 2020/10/24_18:35:02 8 75 75 75
1603532163 2020/10/24_18:36:03 8 75 75 75
1603532223 2020/10/24_18:37:03 8 75 75 75
1603532283 2020/10/24_18:38:03 8 75 75 75
1603532342 2020/10/24_18:39:02 8 75 75 75
1603532402 2020/10/24_18:40:02 8 75 75 75
1603532463 2020/10/24_18:41:03 8 75 75 75
1603532523 2020/10/24_18:42:03 8 75 75 75
1603532583 2020/10/24_18:43:03 8 75 75 75
1603532643 2020/10/24_18:44:03 8 75 75 75
1603532703 2020/10/24_18:45:03 8 75 75 75
1603532763 2020/10/24_18:46:03 8 75 75 75
1603532822 2020/10/24_18:47:02 8 75 75 75
1603532882 2020/10/24_18:48:02 8 75 75 75
1603532943 2020/10/24_18:49:03 8 75 75 75
1603533003 2020/10/24_18:50:03 8 75 75 75
1603533063 2020/10/24_18:51:03 8 75 75 75
1603533123 2020/10/24_18:52:03 8 75 75 75
1603533183 2020/10/24_18:53:03 8 75 75 75
1603533242 2020/10/24_18:54:02 8 75 75 75
1603533302 2020/10/24_18:55:02 8 75 75 75
1603533362 2020/10/24_18:56:02 8 75 75 75
1603533422 2020/10/24_18:57:02 8 75 75 75
1603533482 2020/10/24_18:58:02 8 75 75 75
1603533542 2020/10/24_18:59:02 8 75 75 75
1603533602 2020/10/24_19:00:02 8 75 75 75
1603533662 2020/10/24_19:01:02 8 75 75 75
1603533722 2020/10/24_19:02:02 8 75 75 75
1603533782 2020/10/24_19:03:02 8 75 75 75
1603533842 2020/10/24_19:04:02 8 75 75 75
1603533902 2020/10/24_19:05:02 8 75 75 75
1603533962 2020/10/24_19:06:02 8 75 75 75
1603534022 2020/10/24_19:07:02 8 75 75 75
1603534082 2020/10/24_19:08:02 8 75 75 75
1603534143 2020/10/24_19:09:03 8 75 75 75
1603534203 2020/10/24_19:10:03 8 75 75 75
1603534263 2020/10/24_19:11:03 8 75 75 75
1603534323 2020/10/24_19:12:03 8 75 75 75
1603534382 2020/10/24_19:13:02 8 75 75 75
1603534442 2020/10/24_19:14:02 8 75 75 75
1603534502 2020/10/24_19:15:02 8 75 75 75
1603534562 2020/10/24_19:16:02 8 75 75 75
1603534623 2020/10/24_19:17:03 8 75 75 75
1603534683 2020/10/24_19:18:03 8 75 75 75
1603534743 2020/10/24_19:19:03 8 75 75 75
1603534803 2020/10/24_19:20:03 8 75 75 75
1603534862 2020/10/24_19:21:02 8 75 75 75
1603534922 2020/10/24_19:22:02 8 75 75 75
1603534982 2020/10/24_19:23:02 8 75 75 75
1603535043 2020/10/24_19:24:03 8 75 75 75
1603535103 2020/10/24_19:25:03 8 75 75 75
1603535163 2020/10/24_19:26:03 8 75 75 75
1603535223 2020/10/24_19:27:03 8 75 75 75
1603535282 2020/10/24_19:28:02 8 75 75 75
1603535342 2020/10/24_19:29:02 8 75 75 75
1603535402 2020/10/24_19:30:02 8 75 75 75
1603535462 2020/10/24_19:31:02 8 75 75 75
1603535522 2020/10/24_19:32:02 8 75 75 75
1603535582 2020/10/24_19:33:02 8 75 75 75
1603535643 2020/10/24_19:34:03 8 75 75 75
1603535703 2020/10/24_19:35:03 8 75 75 75
1603535763 2020/10/24_19:36:03 8 75 75 75
1603535823 2020/10/24_19:37:03 8 75 75 75
1603535883 2020/10/24_19:38:03 8 75 75 75
1603535943 2020/10/24_19:39:03 8 75 75 75
1603536003 2020/10/24_19:40:03 8 75 75 75
1603536063 2020/10/24_19:41:03 8 75 75 75
1603536123 2020/10/24_19:42:03 8 75 75 75
1603536182 2020/10/24_19:43:02 8 75 75 75
1603536242 2020/10/24_19:44:02 8 75 75 75
1603536302 2020/10/24_19:45:02 8 75 75 75
1603536362 2020/10/24_19:46:02 8 75 75 75
1603536423 2020/10/24_19:47:03 8 75 75 75
1603536483 2020/10/24_19:48:03 8 75 75 75
1603536543 2020/10/24_19:49:03 8 75 75 75
1603536603 2020/10/24_19:50:03 8 75 75 75
1603536663 2020/10/24_19:51:03 8 75 75 75
1603536723 2020/10/24_19:52:03 8 75 75 75
1603536783 2020/10/24_19:53:03 8 75 75 75
1603536843 2020/10/24_19:54:03 8 75 75 75
1603536903 2020/10/24_19:55:03 8 75 75 75
1603536962 2020/10/24_19:56:02 8 75 75 75
1603537022 2020/10/24_19:57:02 8 75 75 75
1603537082 2020/10/24_19:58:02 8 75 75 75
1603537142 2020/10/24_19:59:02 8 75 75 75
1603537202 2020/10/24_20:00:02 8 75 75 75
1603537262 2020/10/24_20:01:02 8 75 75 75
1603537323 2020/10/24_20:02:03 8 75 75 75
1603537383 2020/10/24_20:03:03 8 75 75 75
1603537442 2020/10/24_20:04:02 8 75 75 75
1603537503 2020/10/24_20:05:03 8 75 75 75
1603537563 2020/10/24_20:06:03 8 75 75 75
1603537623 2020/10/24_20:07:03 8 75 75 75
1603537682 2020/10/24_20:08:02 8 75 75 75
1603537743 2020/10/24_20:09:03 8 75 75 75
1603537803 2020/10/24_20:10:03 8 75 75 75
1603537863 2020/10/24_20:11:03 8 75 75 75
1603537923 2020/10/24_20:12:03 8 75 75 75
1603537982 2020/10/24_20:13:02 8 75 75 75
1603538042 2020/10/24_20:14:02 8 75 75 75
1603538103 2020/10/24_20:15:03 8 75 75 75
1603538163 2020/10/24_20:16:03 8 75 75 75
1603538223 2020/10/24_20:17:03 8 75 75 75
1603538282 2020/10/24_20:18:02 8 75 75 75
1603538343 2020/10/24_20:19:03 8 75 75 75
1603538403 2020/10/24_20:20:03 8 75 75 75
1603538462 2020/10/24_20:21:02 8 75 75 75
1603538523 2020/10/24_20:22:03 8 75 75 75
1603538583 2020/10/24_20:23:03 8 75 75 75
1603538643 2020/10/24_20:24:03 8 75 75 75
1603538702 2020/10/24_20:25:02 8 75 75 75
1603538763 2020/10/24_20:26:03 8 75 75 75
1603538823 2020/10/24_20:27:03 8 75 75 75
1603538883 2020/10/24_20:28:03 8 75 75 75
1603538943 2020/10/24_20:29:03 8 75 75 75
1603539002 2020/10/24_20:30:02 8 75 75 75
1603539063 2020/10/24_20:31:03 8 75 75 75
1603539123 2020/10/24_20:32:03 8 75 75 75
1603539182 2020/10/24_20:33:02 8 75 75 75
1603539243 2020/10/24_20:34:03 8 75 75 75
1603539303 2020/10/24_20:35:03 8 75 75 75
1603539363 2020/10/24_20:36:03 8 75 75 75
1603539423 2020/10/24_20:37:03 8 75 75 75
1603539483 2020/10/24_20:38:03 8 75 75 75
1603539543 2020/10/24_20:39:03 8 75 75 75
1603539603 2020/10/24_20:40:03 8 75 75 75
1603539662 2020/10/24_20:41:02 8 75 75 75
1603539723 2020/10/24_20:42:03 8 75 75 75
1603539783 2020/10/24_20:43:03 8 75 75 75
1603539842 2020/10/24_20:44:02 8 75 75 75
1603539903 2020/10/24_20:45:03 8 75 75 75
1603539963 2020/10/24_20:46:03 8 75 75 75
1603540023 2020/10/24_20:47:03 8 75 75 75
1603540082 2020/10/24_20:48:02 8 75 75 75
1603540143 2020/10/24_20:49:03 8 75 75 75
1603540203 2020/10/24_20:50:03 8 75 75 75
1603540263 2020/10/24_20:51:03 8 75 75 75
1603540322 2020/10/24_20:52:02 8 75 75 75
1603540383 2020/10/24_20:53:03 8 75 75 75
1603540443 2020/10/24_20:54:03 8 75 75 75
1603540503 2020/10/24_20:55:03 8 75 75 75
1603540562 2020/10/24_20:56:02 8 75 75 75
1603540623 2020/10/24_20:57:03 8 75 75 75
1603540683 2020/10/24_20:58:03 8 75 75 75
1603540743 2020/10/24_20:59:03 8 75 75 75
1603540802 2020/10/24_21:00:02 8 75 75 75
1603540863 2020/10/24_21:01:03 8 75 75 75
1603540923 2020/10/24_21:02:03 8 75 75 75
1603540982 2020/10/24_21:03:02 8 75 75 75
1603541043 2020/10/24_21:04:03 8 75 75 75
1603541102 2020/10/24_21:05:02 8 75 75 75
1603541163 2020/10/24_21:06:03 8 75 75 75
