1603029361 2020/10/18_22:56:01 100 100 100 25 50
1603277650 2020/10/21_19:54:10 100 100 100 25 50
1603523978 2020/10/24_16:19:38 100 100 100 25 50
1603524335 2020/10/24_16:25:35 100 100 100 25 50
1603524490 2020/10/24_16:28:10 100 100 100 25 50
1603525143 2020/10/24_16:39:03 100 100 100 25 50
1603525203 2020/10/24_16:40:03 100 100 100 25 50
1603525262 2020/10/24_16:41:02 100 100 100 25 50
1603525322 2020/10/24_16:42:02 100 100 100 25 50
1603525382 2020/10/24_16:43:02 100 100 100 25 50
1603525443 2020/10/24_16:44:03 100 100 100 25 50
1603525502 2020/10/24_16:45:02 100 100 100 25 50
1603525562 2020/10/24_16:46:02 100 100 100 25 50
1603525623 2020/10/24_16:47:03 100 100 100 25 50
1603525683 2020/10/24_16:48:03 100 100 100 25 50
1603525743 2020/10/24_16:49:03 100 100 100 25 50
1603525803 2020/10/24_16:50:03 100 100 100 25 50
1603525863 2020/10/24_16:51:03 100 100 100 25 50
1603525923 2020/10/24_16:52:03 100 100 100 25 50
1603525983 2020/10/24_16:53:03 100 100 100 25 50
1603526043 2020/10/24_16:54:03 100 100 100 25 50
1603526103 2020/10/24_16:55:03 100 100 100 25 50
1603526163 2020/10/24_16:56:03 100 100 100 25 50
1603526223 2020/10/24_16:57:03 100 100 100 25 50
1603526283 2020/10/24_16:58:03 100 100 100 25 50
1603526343 2020/10/24_16:59:03 100 100 100 25 50
1603526404 2020/10/24_17:00:04 100 100 100 25 50
1603526463 2020/10/24_17:01:03 100 100 100 25 50
1603526523 2020/10/24_17:02:03 100 100 100 25 50
1603526583 2020/10/24_17:03:03 100 100 100 25 50
1603526643 2020/10/24_17:04:03 100 100 100 25 50
1603526703 2020/10/24_17:05:03 100 100 100 25 50
1603526763 2020/10/24_17:06:03 100 100 100 25 50
1603526823 2020/10/24_17:07:03 100 100 100 25 50
1603526883 2020/10/24_17:08:03 100 100 100 25 50
1603526944 2020/10/24_17:09:04 100 100 100 25 50
1603527003 2020/10/24_17:10:03 100 100 100 25 50
1603527063 2020/10/24_17:11:03 100 100 100 25 50
1603527123 2020/10/24_17:12:03 100 100 100 25 50
1603527182 2020/10/24_17:13:02 100 100 100 25 50
1603527243 2020/10/24_17:14:03 100 100 100 25 50
1603527303 2020/10/24_17:15:03 100 100 100 25 50
1603527363 2020/10/24_17:16:03 100 100 100 25 50
1603527423 2020/10/24_17:17:03 100 100 100 25 50
1603527483 2020/10/24_17:18:03 100 100 100 25 50
1603527544 2020/10/24_17:19:04 100 100 100 25 50
1603527604 2020/10/24_17:20:04 100 100 100 25 50
1603527663 2020/10/24_17:21:03 100 100 100 25 50
1603527724 2020/10/24_17:22:04 100 100 100 25 50
1603527784 2020/10/24_17:23:04 100 100 100 25 50
1603527843 2020/10/24_17:24:03 100 100 100 25 50
1603527903 2020/10/24_17:25:03 100 100 100 25 50
1603527963 2020/10/24_17:26:03 100 100 100 25 50
1603528023 2020/10/24_17:27:03 100 100 100 25 50
1603528083 2020/10/24_17:28:03 100 100 100 25 50
1603528143 2020/10/24_17:29:03 100 100 100 25 50
1603528203 2020/10/24_17:30:03 100 100 100 25 50
1603528263 2020/10/24_17:31:03 100 100 100 25 50
1603528323 2020/10/24_17:32:03 100 100 100 25 50
1603528383 2020/10/24_17:33:03 100 100 100 25 50
1603528444 2020/10/24_17:34:04 100 100 100 25 50
1603528503 2020/10/24_17:35:03 100 100 100 25 50
1603528563 2020/10/24_17:36:03 100 100 100 25 50
1603528623 2020/10/24_17:37:03 100 100 100 25 50
1603528683 2020/10/24_17:38:03 100 100 100 25 50
1603528744 2020/10/24_17:39:04 100 100 100 25 50
1603528804 2020/10/24_17:40:04 100 100 100 25 50
1603528863 2020/10/24_17:41:03 100 100 100 25 50
1603528923 2020/10/24_17:42:03 100 100 100 25 50
1603528983 2020/10/24_17:43:03 100 100 100 25 50
1603529043 2020/10/24_17:44:03 100 100 100 25 50
1603529103 2020/10/24_17:45:03 100 100 100 25 50
1603529163 2020/10/24_17:46:03 100 100 100 25 50
1603529223 2020/10/24_17:47:03 100 100 100 25 50
1603529283 2020/10/24_17:48:03 100 100 100 25 50
1603529344 2020/10/24_17:49:04 100 100 100 25 50
1603529404 2020/10/24_17:50:04 100 100 100 25 50
1603529463 2020/10/24_17:51:03 100 100 100 25 50
1603529523 2020/10/24_17:52:03 100 100 100 25 50
1603529583 2020/10/24_17:53:03 100 100 100 25 50
1603529644 2020/10/24_17:54:04 100 100 100 25 50
1603529704 2020/10/24_17:55:04 100 100 100 25 50
1603529764 2020/10/24_17:56:04 100 100 100 25 50
1603529824 2020/10/24_17:57:04 100 100 100 25 50
1603529884 2020/10/24_17:58:04 100 100 100 25 50
1603529943 2020/10/24_17:59:03 100 100 100 25 50
1603530003 2020/10/24_18:00:03 100 100 100 25 50
1603530063 2020/10/24_18:01:03 100 100 100 25 50
1603530123 2020/10/24_18:02:03 100 100 100 25 50
1603530183 2020/10/24_18:03:03 100 100 100 25 50
1603530244 2020/10/24_18:04:04 100 100 100 25 50
1603530303 2020/10/24_18:05:03 100 100 100 25 50
1603530363 2020/10/24_18:06:03 100 100 100 25 50
1603530423 2020/10/24_18:07:03 100 100 100 25 50
1603530483 2020/10/24_18:08:03 100 100 100 25 50
1603530543 2020/10/24_18:09:03 100 100 100 25 50
1603530603 2020/10/24_18:10:03 100 100 100 25 50
1603530663 2020/10/24_18:11:03 100 100 100 25 50
1603530723 2020/10/24_18:12:03 100 100 100 25 50
1603530783 2020/10/24_18:13:03 100 100 100 25 50
1603530843 2020/10/24_18:14:03 100 100 100 25 50
1603530903 2020/10/24_18:15:03 100 100 100 25 50
1603530963 2020/10/24_18:16:03 100 100 100 25 50
1603531023 2020/10/24_18:17:03 100 100 100 25 50
1603531083 2020/10/24_18:18:03 100 100 100 25 50
1603531143 2020/10/24_18:19:03 100 100 100 25 50
1603531204 2020/10/24_18:20:04 100 100 100 25 50
1603531263 2020/10/24_18:21:03 100 100 100 25 50
1603531323 2020/10/24_18:22:03 100 100 100 25 50
1603531383 2020/10/24_18:23:03 100 100 100 25 50
1603531443 2020/10/24_18:24:03 100 100 100 25 50
1603531503 2020/10/24_18:25:03 100 100 100 25 50
1603531563 2020/10/24_18:26:03 100 100 100 25 50
1603531623 2020/10/24_18:27:03 100 100 100 25 50
1603531682 2020/10/24_18:28:02 100 100 100 25 50
1603531743 2020/10/24_18:29:03 100 100 100 25 50
1603531804 2020/10/24_18:30:04 100 100 100 25 50
1603531866 2020/10/24_18:31:06 100 100 100 25 50
1603531923 2020/10/24_18:32:03 100 100 100 25 50
1603531986 2020/10/24_18:33:06 100 100 100 25 50
1603532043 2020/10/24_18:34:03 100 100 100 25 50
1603532103 2020/10/24_18:35:03 100 100 100 25 50
1603532163 2020/10/24_18:36:03 100 100 100 25 50
1603532223 2020/10/24_18:37:03 100 100 100 25 50
1603532283 2020/10/24_18:38:03 100 100 100 25 50
1603532343 2020/10/24_18:39:03 100 100 100 25 50
1603532403 2020/10/24_18:40:03 100 100 100 25 50
1603532463 2020/10/24_18:41:03 100 100 100 25 50
1603532523 2020/10/24_18:42:03 100 100 100 25 50
1603532583 2020/10/24_18:43:03 100 100 100 25 50
1603532643 2020/10/24_18:44:03 100 100 100 25 50
1603532703 2020/10/24_18:45:03 100 100 100 25 50
1603532763 2020/10/24_18:46:03 100 100 100 25 50
1603532822 2020/10/24_18:47:02 100 100 100 25 50
1603532883 2020/10/24_18:48:03 100 100 100 25 50
1603532943 2020/10/24_18:49:03 100 100 100 25 50
1603533003 2020/10/24_18:50:03 100 100 100 25 50
1603533063 2020/10/24_18:51:03 100 100 100 25 50
1603533123 2020/10/24_18:52:03 100 100 100 25 50
1603533183 2020/10/24_18:53:03 100 100 100 25 50
1603533243 2020/10/24_18:54:03 100 100 100 25 50
1603533303 2020/10/24_18:55:03 100 100 100 25 50
1603533363 2020/10/24_18:56:03 100 100 100 25 50
1603533423 2020/10/24_18:57:03 100 100 100 25 50
1603533483 2020/10/24_18:58:03 100 100 100 25 50
1603533542 2020/10/24_18:59:02 100 100 100 25 50
1603533602 2020/10/24_19:00:02 100 100 100 25 50
1603533663 2020/10/24_19:01:03 100 100 100 25 50
1603533723 2020/10/24_19:02:03 100 100 100 25 50
1603533783 2020/10/24_19:03:03 100 100 100 25 50
1603533843 2020/10/24_19:04:03 100 100 100 25 50
1603533903 2020/10/24_19:05:03 100 100 100 25 50
1603533963 2020/10/24_19:06:03 100 100 100 25 50
1603534023 2020/10/24_19:07:03 100 100 100 25 50
1603534083 2020/10/24_19:08:03 100 100 100 25 50
1603534143 2020/10/24_19:09:03 100 100 100 25 50
1603534203 2020/10/24_19:10:03 100 100 100 25 50
1603534263 2020/10/24_19:11:03 100 100 100 25 50
1603534323 2020/10/24_19:12:03 100 100 100 25 50
1603534383 2020/10/24_19:13:03 100 100 100 25 50
1603534443 2020/10/24_19:14:03 100 100 100 25 50
1603534503 2020/10/24_19:15:03 100 100 100 25 50
1603534563 2020/10/24_19:16:03 100 100 100 25 50
1603534623 2020/10/24_19:17:03 100 100 100 25 50
1603534683 2020/10/24_19:18:03 100 100 100 25 50
1603534743 2020/10/24_19:19:03 100 100 100 25 50
1603534803 2020/10/24_19:20:03 100 100 100 25 50
1603534863 2020/10/24_19:21:03 100 100 100 25 50
1603534923 2020/10/24_19:22:03 100 100 100 25 50
1603534982 2020/10/24_19:23:02 100 100 100 25 50
1603535043 2020/10/24_19:24:03 100 100 100 25 50
1603535103 2020/10/24_19:25:03 100 100 100 25 50
1603535163 2020/10/24_19:26:03 100 100 100 25 50
1603535223 2020/10/24_19:27:03 100 100 100 25 50
1603535283 2020/10/24_19:28:03 100 100 100 25 50
1603535343 2020/10/24_19:29:03 100 100 100 25 50
1603535403 2020/10/24_19:30:03 100 100 100 25 50
1603535463 2020/10/24_19:31:03 100 100 100 25 50
1603535523 2020/10/24_19:32:03 100 100 100 25 50
1603535583 2020/10/24_19:33:03 100 100 100 25 50
1603535643 2020/10/24_19:34:03 100 100 100 25 50
1603535703 2020/10/24_19:35:03 100 100 100 25 50
1603535763 2020/10/24_19:36:03 100 100 100 25 50
1603535823 2020/10/24_19:37:03 100 100 100 25 50
1603535883 2020/10/24_19:38:03 100 100 100 25 50
1603535943 2020/10/24_19:39:03 100 100 100 25 50
1603536003 2020/10/24_19:40:03 100 100 100 25 50
1603536063 2020/10/24_19:41:03 100 100 100 25 50
1603536123 2020/10/24_19:42:03 100 100 100 25 50
1603536183 2020/10/24_19:43:03 100 100 100 25 50
1603536243 2020/10/24_19:44:03 100 100 100 25 50
1603536303 2020/10/24_19:45:03 100 100 100 25 50
1603536362 2020/10/24_19:46:02 100 100 100 25 50
1603536423 2020/10/24_19:47:03 100 100 100 25 50
1603536483 2020/10/24_19:48:03 100 100 100 25 50
1603536543 2020/10/24_19:49:03 100 100 100 25 50
1603536603 2020/10/24_19:50:03 100 100 100 25 50
1603536663 2020/10/24_19:51:03 100 100 100 25 50
1603536723 2020/10/24_19:52:03 100 100 100 25 50
1603536783 2020/10/24_19:53:03 100 100 100 25 50
1603536843 2020/10/24_19:54:03 100 100 100 25 50
1603536903 2020/10/24_19:55:03 100 100 100 25 50
1603536963 2020/10/24_19:56:03 100 100 100 25 50
1603537023 2020/10/24_19:57:03 100 100 100 25 50
1603537083 2020/10/24_19:58:03 100 100 100 25 50
1603537143 2020/10/24_19:59:03 100 100 100 25 50
1603537203 2020/10/24_20:00:03 100 100 100 25 50
1603537263 2020/10/24_20:01:03 100 100 100 25 50
1603537323 2020/10/24_20:02:03 100 100 100 25 50
1603537384 2020/10/24_20:03:04 100 100 100 25 50
1603537443 2020/10/24_20:04:03 100 100 100 25 50
1603537503 2020/10/24_20:05:03 100 100 100 25 50
1603537563 2020/10/24_20:06:03 100 100 100 25 50
1603537623 2020/10/24_20:07:03 100 100 100 25 50
1603537683 2020/10/24_20:08:03 100 100 100 25 50
1603537744 2020/10/24_20:09:04 100 100 100 25 50
1603537803 2020/10/24_20:10:03 100 100 100 25 50
1603537863 2020/10/24_20:11:03 100 100 100 25 50
1603537923 2020/10/24_20:12:03 100 100 100 25 50
1603537983 2020/10/24_20:13:03 100 100 100 25 50
1603538043 2020/10/24_20:14:03 100 100 100 25 50
1603538103 2020/10/24_20:15:03 100 100 100 25 50
1603538163 2020/10/24_20:16:03 100 100 100 25 50
1603538224 2020/10/24_20:17:04 100 100 100 25 50
1603538283 2020/10/24_20:18:03 100 100 100 25 50
1603538343 2020/10/24_20:19:03 100 100 100 25 50
1603538403 2020/10/24_20:20:03 100 100 100 25 50
1603538463 2020/10/24_20:21:03 100 100 100 25 50
1603538523 2020/10/24_20:22:03 100 100 100 25 50
1603538583 2020/10/24_20:23:03 100 100 100 25 50
1603538643 2020/10/24_20:24:03 100 100 100 25 50
1603538703 2020/10/24_20:25:03 100 100 100 25 50
1603538763 2020/10/24_20:26:03 100 100 100 25 50
1603538823 2020/10/24_20:27:03 100 100 100 25 50
1603538883 2020/10/24_20:28:03 100 100 100 25 50
1603538944 2020/10/24_20:29:04 100 100 100 25 50
1603539003 2020/10/24_20:30:03 100 100 100 25 50
1603539063 2020/10/24_20:31:03 100 100 100 25 50
1603539123 2020/10/24_20:32:03 100 100 100 25 50
1603539183 2020/10/24_20:33:03 100 100 100 25 50
1603539243 2020/10/24_20:34:03 100 100 100 25 50
1603539303 2020/10/24_20:35:03 100 100 100 25 50
1603539364 2020/10/24_20:36:04 100 100 100 25 50
1603539423 2020/10/24_20:37:03 100 100 100 25 50
1603539483 2020/10/24_20:38:03 100 100 100 25 50
1603539543 2020/10/24_20:39:03 100 100 100 25 50
1603539604 2020/10/24_20:40:04 100 100 100 25 50
1603539663 2020/10/24_20:41:03 100 100 100 25 50
1603539723 2020/10/24_20:42:03 100 100 100 25 50
1603539783 2020/10/24_20:43:03 100 100 100 25 50
1603539843 2020/10/24_20:44:03 100 100 100 25 50
1603539903 2020/10/24_20:45:03 100 100 100 25 50
1603539963 2020/10/24_20:46:03 100 100 100 25 50
1603540024 2020/10/24_20:47:04 100 100 100 25 50
1603540083 2020/10/24_20:48:03 100 100 100 25 50
1603540143 2020/10/24_20:49:03 100 100 100 25 50
1603540203 2020/10/24_20:50:03 100 100 100 25 50
1603540264 2020/10/24_20:51:04 100 100 100 25 50
1603540323 2020/10/24_20:52:03 100 100 100 25 50
1603540383 2020/10/24_20:53:03 100 100 100 25 50
1603540443 2020/10/24_20:54:03 100 100 100 25 50
1603540504 2020/10/24_20:55:04 100 100 100 25 50
1603540563 2020/10/24_20:56:03 100 100 100 25 50
1603540623 2020/10/24_20:57:03 100 100 100 25 50
1603540683 2020/10/24_20:58:03 100 100 100 25 50
1603540743 2020/10/24_20:59:03 100 100 100 25 50
1603540803 2020/10/24_21:00:03 100 100 100 25 50
1603540863 2020/10/24_21:01:03 100 100 100 25 50
1603540924 2020/10/24_21:02:04 100 100 100 25 50
1603540983 2020/10/24_21:03:03 100 100 100 25 50
1603541044 2020/10/24_21:04:04 100 100 100 25 50
1603541103 2020/10/24_21:05:03 100 100 100 25 50
1603541163 2020/10/24_21:06:03 100 100 100 25 50
