1603029359 2020/10/18_22:55:59 0 0 0 0
1603277647 2020/10/21_19:54:07 0 0 0 0
1603523976 2020/10/24_16:19:36 0 0 0 0
1603524333 2020/10/24_16:25:33 0 0 0 0
1603524454 2020/10/24_16:27:34 0 0 0 0
1603524463 2020/10/24_16:27:43 0 0 0 0
1603524488 2020/10/24_16:28:08 0 0 0 0
1603525141 2020/10/24_16:39:01 0 0 0 0
1603525201 2020/10/24_16:40:01 0 0 0 0
1603525261 2020/10/24_16:41:01 0 0 0 0
1603525321 2020/10/24_16:42:01 0 0 0 0
1603525381 2020/10/24_16:43:01 0 0 0 0
1603525442 2020/10/24_16:44:02 0 0 0 0
1603525501 2020/10/24_16:45:01 0 0 0 0
1603525561 2020/10/24_16:46:01 0 0 0 0
1603525622 2020/10/24_16:47:02 0 0 0 0
1603525682 2020/10/24_16:48:02 0 0 0 0
1603525741 2020/10/24_16:49:01 0 0 0 0
1603525801 2020/10/24_16:50:01 0 0 0 0
1603525861 2020/10/24_16:51:01 0 0 0 0
1603525921 2020/10/24_16:52:01 0 0 0 0
1603525981 2020/10/24_16:53:01 0 0 0 0
1603526041 2020/10/24_16:54:01 0 0 0 0
1603526101 2020/10/24_16:55:01 0 0 0 0
1603526161 2020/10/24_16:56:01 0 0 0 0
1603526221 2020/10/24_16:57:01 0 0 0 0
1603526281 2020/10/24_16:58:01 0 0 0 0
1603526342 2020/10/24_16:59:02 0 0 0 0
1603526402 2020/10/24_17:00:02 0 0 0 0
1603526461 2020/10/24_17:01:01 0 0 0 0
1603526521 2020/10/24_17:02:01 0 0 0 0
1603526581 2020/10/24_17:03:01 0 0 0 0
1603526641 2020/10/24_17:04:01 0 0 0 0
1603526701 2020/10/24_17:05:01 0 0 0 0
1603526761 2020/10/24_17:06:01 0 0 0 0
1603526821 2020/10/24_17:07:01 0 0 0 0
1603526881 2020/10/24_17:08:01 0 0 0 0
1603526942 2020/10/24_17:09:02 0 0 0 0
1603527001 2020/10/24_17:10:01 0 0 0 0
1603527061 2020/10/24_17:11:01 0 0 0 0
1603527121 2020/10/24_17:12:01 0 0 0 0
1603527181 2020/10/24_17:13:01 0 0 0 0
1603527241 2020/10/24_17:14:01 0 0 0 0
1603527301 2020/10/24_17:15:01 0 0 0 0
1603527361 2020/10/24_17:16:01 0 0 0 0
1603527421 2020/10/24_17:17:01 0 0 0 0
1603527481 2020/10/24_17:18:01 0 0 0 0
1603527542 2020/10/24_17:19:02 0 0 0 0
1603527602 2020/10/24_17:20:02 0 0 0 0
1603527662 2020/10/24_17:21:02 0 0 0 0
1603527722 2020/10/24_17:22:02 0 0 0 0
1603527782 2020/10/24_17:23:02 0 0 0 0
1603527841 2020/10/24_17:24:01 0 0 0 0
1603527901 2020/10/24_17:25:01 0 0 0 0
1603527961 2020/10/24_17:26:01 0 0 0 0
1603528021 2020/10/24_17:27:01 0 0 0 0
1603528081 2020/10/24_17:28:01 0 0 0 0
1603528141 2020/10/24_17:29:01 0 0 0 0
1603528201 2020/10/24_17:30:01 0 0 0 0
1603528261 2020/10/24_17:31:01 0 0 0 0
1603528321 2020/10/24_17:32:01 0 0 0 0
1603528381 2020/10/24_17:33:01 0 0 0 0
1603528442 2020/10/24_17:34:02 0 0 0 0
1603528501 2020/10/24_17:35:01 0 0 0 0
1603528561 2020/10/24_17:36:01 0 0 0 0
1603528621 2020/10/24_17:37:01 0 0 0 0
1603528681 2020/10/24_17:38:01 0 0 0 0
1603528742 2020/10/24_17:39:02 0 0 0 0
1603528802 2020/10/24_17:40:02 0 0 0 0
1603528861 2020/10/24_17:41:01 0 0 0 0
1603528921 2020/10/24_17:42:01 0 0 0 0
1603528982 2020/10/24_17:43:02 0 0 0 0
1603529041 2020/10/24_17:44:01 0 0 0 0
1603529101 2020/10/24_17:45:01 0 0 0 0
1603529161 2020/10/24_17:46:01 0 0 0 0
1603529221 2020/10/24_17:47:01 0 0 0 0
1603529281 2020/10/24_17:48:01 0 0 0 0
1603529342 2020/10/24_17:49:02 0 0 0 0
1603529402 2020/10/24_17:50:02 0 0 0 0
1603529461 2020/10/24_17:51:01 0 0 0 0
1603529521 2020/10/24_17:52:01 0 0 0 0
1603529581 2020/10/24_17:53:01 0 0 0 0
1603529642 2020/10/24_17:54:02 0 0 0 0
1603529702 2020/10/24_17:55:02 0 0 0 0
1603529762 2020/10/24_17:56:02 0 0 0 0
1603529822 2020/10/24_17:57:02 0 0 0 0
1603529882 2020/10/24_17:58:02 0 0 0 0
1603529941 2020/10/24_17:59:01 0 0 0 0
1603530001 2020/10/24_18:00:01 0 0 0 0
1603530061 2020/10/24_18:01:01 0 0 0 0
1603530121 2020/10/24_18:02:01 0 0 0 0
1603530181 2020/10/24_18:03:01 0 0 0 0
1603530242 2020/10/24_18:04:02 0 0 0 0
1603530301 2020/10/24_18:05:01 0 0 0 0
1603530361 2020/10/24_18:06:01 0 0 0 0
1603530421 2020/10/24_18:07:01 0 0 0 0
1603530481 2020/10/24_18:08:01 0 0 0 0
1603530541 2020/10/24_18:09:01 0 0 0 0
1603530601 2020/10/24_18:10:01 0 0 0 0
1603530661 2020/10/24_18:11:01 0 0 0 0
1603530721 2020/10/24_18:12:01 0 0 0 0
1603530781 2020/10/24_18:13:01 0 0 0 0
1603530841 2020/10/24_18:14:01 0 0 0 0
1603530901 2020/10/24_18:15:01 0 0 0 0
1603530961 2020/10/24_18:16:01 0 0 0 0
1603531021 2020/10/24_18:17:01 0 0 0 0
1603531081 2020/10/24_18:18:01 0 0 0 0
1603531141 2020/10/24_18:19:01 0 0 0 0
1603531202 2020/10/24_18:20:02 0 0 0 0
1603531261 2020/10/24_18:21:01 0 0 0 0
1603531321 2020/10/24_18:22:01 0 0 0 0
1603531381 2020/10/24_18:23:01 0 0 0 0
1603531441 2020/10/24_18:24:01 0 0 0 0
1603531501 2020/10/24_18:25:01 0 0 0 0
1603531562 2020/10/24_18:26:02 0 0 0 0
1603531621 2020/10/24_18:27:01 0 0 0 0
1603531681 2020/10/24_18:28:01 0 0 0 0
1603531741 2020/10/24_18:29:01 0 0 0 0
1603531802 2020/10/24_18:30:02 0 0 0 0
1603531864 2020/10/24_18:31:04 0 0 0 0
1603531921 2020/10/24_18:32:01 0 0 0 0
1603531984 2020/10/24_18:33:04 0 0 0 0
1603532041 2020/10/24_18:34:01 0 0 0 0
1603532101 2020/10/24_18:35:01 0 0 0 0
1603532161 2020/10/24_18:36:01 0 0 0 0
1603532221 2020/10/24_18:37:01 0 0 0 0
1603532281 2020/10/24_18:38:01 0 0 0 0
1603532341 2020/10/24_18:39:01 0 0 0 0
1603532401 2020/10/24_18:40:01 0 0 0 0
1603532462 2020/10/24_18:41:02 0 0 0 0
1603532522 2020/10/24_18:42:02 0 0 0 0
1603532582 2020/10/24_18:43:02 0 0 0 0
1603532641 2020/10/24_18:44:01 0 0 0 0
1603532701 2020/10/24_18:45:01 0 0 0 0
1603532762 2020/10/24_18:46:02 0 0 0 0
1603532821 2020/10/24_18:47:01 0 0 0 0
1603532881 2020/10/24_18:48:01 0 0 0 0
1603532941 2020/10/24_18:49:01 0 0 0 0
1603533001 2020/10/24_18:50:01 0 0 0 0
1603533061 2020/10/24_18:51:01 0 0 0 0
1603533121 2020/10/24_18:52:01 0 0 0 0
1603533181 2020/10/24_18:53:01 0 0 0 0
1603533241 2020/10/24_18:54:01 0 0 0 0
1603533301 2020/10/24_18:55:01 0 0 0 0
1603533361 2020/10/24_18:56:01 0 0 0 0
1603533421 2020/10/24_18:57:01 0 0 0 0
1603533481 2020/10/24_18:58:01 0 0 0 0
1603533541 2020/10/24_18:59:01 0 0 0 0
1603533601 2020/10/24_19:00:01 0 0 0 0
1603533661 2020/10/24_19:01:01 0 0 0 0
1603533721 2020/10/24_19:02:01 0 0 0 0
1603533781 2020/10/24_19:03:01 0 0 0 0
1603533841 2020/10/24_19:04:01 0 0 0 0
1603533901 2020/10/24_19:05:01 0 0 0 0
1603533961 2020/10/24_19:06:01 0 0 0 0
1603534021 2020/10/24_19:07:01 0 0 0 0
1603534081 2020/10/24_19:08:01 0 0 0 0
1603534142 2020/10/24_19:09:02 0 0 0 0
1603534202 2020/10/24_19:10:02 0 0 0 0
1603534261 2020/10/24_19:11:01 0 0 0 0
1603534321 2020/10/24_19:12:01 0 0 0 0
1603534381 2020/10/24_19:13:01 0 0 0 0
1603534441 2020/10/24_19:14:01 0 0 0 0
1603534501 2020/10/24_19:15:01 0 0 0 0
1603534561 2020/10/24_19:16:01 0 0 0 0
1603534622 2020/10/24_19:17:02 0 0 0 0
1603534682 2020/10/24_19:18:02 0 0 0 0
1603534742 2020/10/24_19:19:02 0 0 0 0
1603534802 2020/10/24_19:20:02 0 0 0 0
1603534861 2020/10/24_19:21:01 0 0 0 0
1603534921 2020/10/24_19:22:01 0 0 0 0
1603534981 2020/10/24_19:23:01 0 0 0 0
1603535042 2020/10/24_19:24:02 0 0 0 0
1603535102 2020/10/24_19:25:02 0 0 0 0
1603535162 2020/10/24_19:26:02 0 0 0 0
1603535222 2020/10/24_19:27:02 0 0 0 0
1603535282 2020/10/24_19:28:02 0 0 0 0
1603535341 2020/10/24_19:29:01 0 0 0 0
1603535401 2020/10/24_19:30:01 0 0 0 0
1603535461 2020/10/24_19:31:01 0 0 0 0
1603535521 2020/10/24_19:32:01 0 0 0 0
1603535581 2020/10/24_19:33:01 0 0 0 0
1603535641 2020/10/24_19:34:01 0 0 0 0
1603535701 2020/10/24_19:35:01 0 0 0 0
1603535762 2020/10/24_19:36:02 0 0 0 0
1603535822 2020/10/24_19:37:02 0 0 0 0
1603535882 2020/10/24_19:38:02 0 0 0 0
1603535941 2020/10/24_19:39:01 0 0 0 0
1603536001 2020/10/24_19:40:01 0 0 0 0
1603536061 2020/10/24_19:41:01 0 0 0 0
1603536121 2020/10/24_19:42:01 0 0 0 0
1603536181 2020/10/24_19:43:01 0 0 0 0
1603536241 2020/10/24_19:44:01 0 0 0 0
1603536301 2020/10/24_19:45:01 0 0 0 0
1603536361 2020/10/24_19:46:01 0 0 0 0
1603536422 2020/10/24_19:47:02 0 0 0 0
1603536482 2020/10/24_19:48:02 0 0 0 0
1603536542 2020/10/24_19:49:02 0 0 0 0
1603536602 2020/10/24_19:50:02 0 0 0 0
1603536662 2020/10/24_19:51:02 0 0 0 0
1603536722 2020/10/24_19:52:02 0 0 0 0
1603536782 2020/10/24_19:53:02 0 0 0 0
1603536842 2020/10/24_19:54:02 0 0 0 0
1603536902 2020/10/24_19:55:02 0 0 0 0
1603536961 2020/10/24_19:56:01 0 0 0 0
1603537021 2020/10/24_19:57:01 0 0 0 0
1603537081 2020/10/24_19:58:01 0 0 0 0
1603537141 2020/10/24_19:59:01 0 0 0 0
1603537201 2020/10/24_20:00:01 0 0 0 0
1603537261 2020/10/24_20:01:01 0 0 0 0
1603537321 2020/10/24_20:02:01 0 0 0 0
1603537382 2020/10/24_20:03:02 0 0 0 0
1603537441 2020/10/24_20:04:01 0 0 0 0
1603537501 2020/10/24_20:05:01 0 0 0 0
1603537561 2020/10/24_20:06:01 0 0 0 0
1603537621 2020/10/24_20:07:01 0 0 0 0
1603537681 2020/10/24_20:08:01 0 0 0 0
1603537742 2020/10/24_20:09:02 0 0 0 0
1603537801 2020/10/24_20:10:01 0 0 0 0
1603537861 2020/10/24_20:11:01 0 0 0 0
1603537922 2020/10/24_20:12:02 0 0 0 0
1603537981 2020/10/24_20:13:01 0 0 0 0
1603538041 2020/10/24_20:14:01 0 0 0 0
1603538101 2020/10/24_20:15:01 0 0 0 0
1603538161 2020/10/24_20:16:01 0 0 0 0
1603538222 2020/10/24_20:17:02 0 0 0 0
1603538281 2020/10/24_20:18:01 0 0 0 0
1603538341 2020/10/24_20:19:01 0 0 0 0
1603538401 2020/10/24_20:20:01 0 0 0 0
1603538461 2020/10/24_20:21:01 0 0 0 0
1603538521 2020/10/24_20:22:01 0 0 0 0
1603538581 2020/10/24_20:23:01 0 0 0 0
1603538642 2020/10/24_20:24:02 0 0 0 0
1603538701 2020/10/24_20:25:01 0 0 0 0
1603538761 2020/10/24_20:26:01 0 0 0 0
1603538821 2020/10/24_20:27:01 0 0 0 0
1603538882 2020/10/24_20:28:02 0 0 0 0
1603538942 2020/10/24_20:29:02 0 0 0 0
1603539001 2020/10/24_20:30:01 0 0 0 0
1603539061 2020/10/24_20:31:01 0 0 0 0
1603539122 2020/10/24_20:32:02 0 0 0 0
1603539181 2020/10/24_20:33:01 0 0 0 0
1603539241 2020/10/24_20:34:01 0 0 0 0
1603539301 2020/10/24_20:35:01 0 0 0 0
1603539362 2020/10/24_20:36:02 0 0 0 0
1603539421 2020/10/24_20:37:01 0 0 0 0
1603539481 2020/10/24_20:38:01 0 0 0 0
1603539541 2020/10/24_20:39:01 0 0 0 0
1603539602 2020/10/24_20:40:02 0 0 0 0
1603539661 2020/10/24_20:41:01 0 0 0 0
1603539721 2020/10/24_20:42:01 0 0 0 0
1603539782 2020/10/24_20:43:02 0 0 0 0
1603539841 2020/10/24_20:44:01 0 0 0 0
1603539901 2020/10/24_20:45:01 0 0 0 0
1603539961 2020/10/24_20:46:01 0 0 0 0
1603540022 2020/10/24_20:47:02 0 0 0 0
1603540081 2020/10/24_20:48:01 0 0 0 0
1603540141 2020/10/24_20:49:01 0 0 0 0
1603540201 2020/10/24_20:50:01 0 0 0 0
1603540262 2020/10/24_20:51:02 0 0 0 0
1603540321 2020/10/24_20:52:01 0 0 0 0
1603540381 2020/10/24_20:53:01 0 0 0 0
1603540441 2020/10/24_20:54:01 0 0 0 0
1603540502 2020/10/24_20:55:02 0 0 0 0
1603540561 2020/10/24_20:56:01 0 0 0 0
1603540621 2020/10/24_20:57:01 0 0 0 0
1603540681 2020/10/24_20:58:01 0 0 0 0
1603540742 2020/10/24_20:59:02 0 0 0 0
1603540801 2020/10/24_21:00:01 0 0 0 0
1603540861 2020/10/24_21:01:01 0 0 0 0
1603540922 2020/10/24_21:02:02 0 0 0 0
1603540981 2020/10/24_21:03:01 0 0 0 0
1603541042 2020/10/24_21:04:02 0 0 0 0
1603541101 2020/10/24_21:05:01 0 0 0 0
1603541161 2020/10/24_21:06:01 0 0 0 0
