1603029360 2020/10/18_22:56:00 50 25 25 25
1603277648 2020/10/21_19:54:08 50 25 25 25
1603523976 2020/10/24_16:19:36 50 25 25 25
1603524334 2020/10/24_16:25:34 50 25 25 25
1603524489 2020/10/24_16:28:09 50 25 25 25
1603525142 2020/10/24_16:39:02 50 25 25 25
1603525202 2020/10/24_16:40:02 50 25 25 25
1603525261 2020/10/24_16:41:01 50 25 25 25
1603525321 2020/10/24_16:42:01 50 25 25 25
1603525381 2020/10/24_16:43:01 50 25 25 25
1603525442 2020/10/24_16:44:02 50 25 25 25
1603525501 2020/10/24_16:45:01 50 25 25 25
1603525561 2020/10/24_16:46:01 50 25 25 25
1603525622 2020/10/24_16:47:02 50 25 25 25
1603525682 2020/10/24_16:48:02 50 25 25 25
1603525742 2020/10/24_16:49:02 50 25 25 25
1603525802 2020/10/24_16:50:02 50 25 25 25
1603525862 2020/10/24_16:51:02 50 25 25 25
1603525922 2020/10/24_16:52:02 50 25 25 25
1603525982 2020/10/24_16:53:02 50 25 25 25
1603526042 2020/10/24_16:54:02 50 25 25 25
1603526102 2020/10/24_16:55:02 50 25 25 25
1603526162 2020/10/24_16:56:02 50 25 25 25
1603526222 2020/10/24_16:57:02 50 25 25 25
1603526282 2020/10/24_16:58:02 50 25 25 25
1603526342 2020/10/24_16:59:02 50 25 25 25
1603526402 2020/10/24_17:00:02 50 25 25 25
1603526462 2020/10/24_17:01:02 50 25 25 25
1603526522 2020/10/24_17:02:02 50 25 25 25
1603526582 2020/10/24_17:03:02 50 25 25 25
1603526642 2020/10/24_17:04:02 50 25 25 25
1603526702 2020/10/24_17:05:02 50 25 25 25
1603526762 2020/10/24_17:06:02 50 25 25 25
1603526822 2020/10/24_17:07:02 50 25 25 25
1603526882 2020/10/24_17:08:02 50 25 25 25
1603526943 2020/10/24_17:09:03 50 25 25 25
1603527002 2020/10/24_17:10:02 50 25 25 25
1603527062 2020/10/24_17:11:02 50 25 25 25
1603527122 2020/10/24_17:12:02 50 25 25 25
1603527181 2020/10/24_17:13:01 50 25 25 25
1603527242 2020/10/24_17:14:02 50 25 25 25
1603527302 2020/10/24_17:15:02 50 25 25 25
1603527362 2020/10/24_17:16:02 50 25 25 25
1603527422 2020/10/24_17:17:02 50 25 25 25
1603527482 2020/10/24_17:18:02 50 25 25 25
1603527542 2020/10/24_17:19:02 50 25 25 25
1603527603 2020/10/24_17:20:03 50 25 25 25
1603527662 2020/10/24_17:21:02 50 25 25 25
1603527722 2020/10/24_17:22:02 50 25 25 25
1603527783 2020/10/24_17:23:03 50 25 25 25
1603527842 2020/10/24_17:24:02 50 25 25 25
1603527902 2020/10/24_17:25:02 50 25 25 25
1603527962 2020/10/24_17:26:02 50 25 25 25
1603528022 2020/10/24_17:27:02 50 25 25 25
1603528082 2020/10/24_17:28:02 50 25 25 25
1603528142 2020/10/24_17:29:02 50 25 25 25
1603528202 2020/10/24_17:30:02 50 25 25 25
1603528262 2020/10/24_17:31:02 50 25 25 25
1603528322 2020/10/24_17:32:02 50 25 25 25
1603528382 2020/10/24_17:33:02 50 25 25 25
1603528442 2020/10/24_17:34:02 50 25 25 25
1603528502 2020/10/24_17:35:02 50 25 25 25
1603528562 2020/10/24_17:36:02 50 25 25 25
1603528622 2020/10/24_17:37:02 50 25 25 25
1603528682 2020/10/24_17:38:02 50 25 25 25
1603528742 2020/10/24_17:39:02 50 25 25 25
1603528802 2020/10/24_17:40:02 50 25 25 25
1603528862 2020/10/24_17:41:02 50 25 25 25
1603528922 2020/10/24_17:42:02 50 25 25 25
1603528982 2020/10/24_17:43:02 50 25 25 25
1603529042 2020/10/24_17:44:02 50 25 25 25
1603529102 2020/10/24_17:45:02 50 25 25 25
1603529162 2020/10/24_17:46:02 50 25 25 25
1603529222 2020/10/24_17:47:02 50 25 25 25
1603529282 2020/10/24_17:48:02 50 25 25 25
1603529342 2020/10/24_17:49:02 50 25 25 25
1603529403 2020/10/24_17:50:03 50 25 25 25
1603529462 2020/10/24_17:51:02 50 25 25 25
1603529522 2020/10/24_17:52:02 50 25 25 25
1603529582 2020/10/24_17:53:02 50 25 25 25
1603529642 2020/10/24_17:54:02 50 25 25 25
1603529702 2020/10/24_17:55:02 50 25 25 25
1603529762 2020/10/24_17:56:02 50 25 25 25
1603529822 2020/10/24_17:57:02 50 25 25 25
1603529882 2020/10/24_17:58:02 50 25 25 25
1603529942 2020/10/24_17:59:02 50 25 25 25
1603530002 2020/10/24_18:00:02 50 25 25 25
1603530062 2020/10/24_18:01:02 50 25 25 25
1603530122 2020/10/24_18:02:02 50 25 25 25
1603530182 2020/10/24_18:03:02 50 25 25 25
1603530243 2020/10/24_18:04:03 50 25 25 25
1603530302 2020/10/24_18:05:02 50 25 25 25
1603530362 2020/10/24_18:06:02 50 25 25 25
1603530422 2020/10/24_18:07:02 50 25 25 25
1603530482 2020/10/24_18:08:02 50 25 25 25
1603530542 2020/10/24_18:09:02 50 25 25 25
1603530602 2020/10/24_18:10:02 50 25 25 25
1603530662 2020/10/24_18:11:02 50 25 25 25
1603530722 2020/10/24_18:12:02 50 25 25 25
1603530782 2020/10/24_18:13:02 50 25 25 25
1603530842 2020/10/24_18:14:02 50 25 25 25
1603530902 2020/10/24_18:15:02 50 25 25 25
1603530962 2020/10/24_18:16:02 50 25 25 25
1603531022 2020/10/24_18:17:02 50 25 25 25
1603531082 2020/10/24_18:18:02 50 25 25 25
1603531142 2020/10/24_18:19:02 50 25 25 25
1603531203 2020/10/24_18:20:03 50 25 25 25
1603531261 2020/10/24_18:21:01 50 25 25 25
1603531322 2020/10/24_18:22:02 50 25 25 25
1603531382 2020/10/24_18:23:02 50 25 25 25
1603531442 2020/10/24_18:24:02 50 25 25 25
1603531502 2020/10/24_18:25:02 50 25 25 25
1603531562 2020/10/24_18:26:02 50 25 25 25
1603531622 2020/10/24_18:27:02 50 25 25 25
1603531681 2020/10/24_18:28:01 50 25 25 25
1603531742 2020/10/24_18:29:02 50 25 25 25
1603531802 2020/10/24_18:30:02 50 25 25 25
1603531864 2020/10/24_18:31:04 50 25 25 25
1603531922 2020/10/24_18:32:02 50 25 25 25
1603531985 2020/10/24_18:33:05 50 25 25 25
1603532042 2020/10/24_18:34:02 50 25 25 25
1603532102 2020/10/24_18:35:02 50 25 25 25
1603532162 2020/10/24_18:36:02 50 25 25 25
1603532222 2020/10/24_18:37:02 50 25 25 25
1603532282 2020/10/24_18:38:02 50 25 25 25
1603532342 2020/10/24_18:39:02 50 25 25 25
1603532402 2020/10/24_18:40:02 50 25 25 25
1603532463 2020/10/24_18:41:03 50 25 25 25
1603532522 2020/10/24_18:42:02 50 25 25 25
1603532582 2020/10/24_18:43:02 50 25 25 25
1603532642 2020/10/24_18:44:02 50 25 25 25
1603532702 2020/10/24_18:45:02 50 25 25 25
1603532763 2020/10/24_18:46:03 50 25 25 25
1603532822 2020/10/24_18:47:02 50 25 25 25
1603532882 2020/10/24_18:48:02 50 25 25 25
1603532942 2020/10/24_18:49:02 50 25 25 25
1603533002 2020/10/24_18:50:02 50 25 25 25
1603533062 2020/10/24_18:51:02 50 25 25 25
1603533122 2020/10/24_18:52:02 50 25 25 25
1603533182 2020/10/24_18:53:02 50 25 25 25
1603533242 2020/10/24_18:54:02 50 25 25 25
1603533302 2020/10/24_18:55:02 50 25 25 25
1603533362 2020/10/24_18:56:02 50 25 25 25
1603533422 2020/10/24_18:57:02 50 25 25 25
1603533482 2020/10/24_18:58:02 50 25 25 25
1603533542 2020/10/24_18:59:02 50 25 25 25
1603533602 2020/10/24_19:00:02 50 25 25 25
1603533662 2020/10/24_19:01:02 50 25 25 25
1603533722 2020/10/24_19:02:02 50 25 25 25
1603533782 2020/10/24_19:03:02 50 25 25 25
1603533842 2020/10/24_19:04:02 50 25 25 25
1603533902 2020/10/24_19:05:02 50 25 25 25
1603533962 2020/10/24_19:06:02 50 25 25 25
1603534022 2020/10/24_19:07:02 50 25 25 25
1603534082 2020/10/24_19:08:02 50 25 25 25
1603534142 2020/10/24_19:09:02 50 25 25 25
1603534202 2020/10/24_19:10:02 50 25 25 25
1603534262 2020/10/24_19:11:02 50 25 25 25
1603534322 2020/10/24_19:12:02 50 25 25 25
1603534382 2020/10/24_19:13:02 50 25 25 25
1603534442 2020/10/24_19:14:02 50 25 25 25
1603534502 2020/10/24_19:15:02 50 25 25 25
1603534562 2020/10/24_19:16:02 50 25 25 25
1603534622 2020/10/24_19:17:02 50 25 25 25
1603534682 2020/10/24_19:18:02 50 25 25 25
1603534742 2020/10/24_19:19:02 50 25 25 25
1603534802 2020/10/24_19:20:02 50 25 25 25
1603534862 2020/10/24_19:21:02 50 25 25 25
1603534922 2020/10/24_19:22:02 50 25 25 25
1603534981 2020/10/24_19:23:01 50 25 25 25
1603535042 2020/10/24_19:24:02 50 25 25 25
1603535102 2020/10/24_19:25:02 50 25 25 25
1603535162 2020/10/24_19:26:02 50 25 25 25
1603535222 2020/10/24_19:27:02 50 25 25 25
1603535282 2020/10/24_19:28:02 50 25 25 25
1603535342 2020/10/24_19:29:02 50 25 25 25
1603535402 2020/10/24_19:30:02 50 25 25 25
1603535462 2020/10/24_19:31:02 50 25 25 25
1603535522 2020/10/24_19:32:02 50 25 25 25
1603535582 2020/10/24_19:33:02 50 25 25 25
1603535642 2020/10/24_19:34:02 50 25 25 25
1603535702 2020/10/24_19:35:02 50 25 25 25
1603535762 2020/10/24_19:36:02 50 25 25 25
1603535822 2020/10/24_19:37:02 50 25 25 25
1603535882 2020/10/24_19:38:02 50 25 25 25
1603535942 2020/10/24_19:39:02 50 25 25 25
1603536002 2020/10/24_19:40:02 50 25 25 25
1603536062 2020/10/24_19:41:02 50 25 25 25
1603536122 2020/10/24_19:42:02 50 25 25 25
1603536182 2020/10/24_19:43:02 50 25 25 25
1603536242 2020/10/24_19:44:02 50 25 25 25
1603536302 2020/10/24_19:45:02 50 25 25 25
1603536362 2020/10/24_19:46:02 50 25 25 25
1603536422 2020/10/24_19:47:02 50 25 25 25
1603536482 2020/10/24_19:48:02 50 25 25 25
1603536542 2020/10/24_19:49:02 50 25 25 25
1603536602 2020/10/24_19:50:02 50 25 25 25
1603536662 2020/10/24_19:51:02 50 25 25 25
1603536722 2020/10/24_19:52:02 50 25 25 25
1603536782 2020/10/24_19:53:02 50 25 25 25
1603536842 2020/10/24_19:54:02 50 25 25 25
1603536902 2020/10/24_19:55:02 50 25 25 25
1603536962 2020/10/24_19:56:02 50 25 25 25
1603537022 2020/10/24_19:57:02 50 25 25 25
1603537082 2020/10/24_19:58:02 50 25 25 25
1603537142 2020/10/24_19:59:02 50 25 25 25
1603537202 2020/10/24_20:00:02 50 25 25 25
1603537262 2020/10/24_20:01:02 50 25 25 25
1603537322 2020/10/24_20:02:02 50 25 25 25
1603537382 2020/10/24_20:03:02 50 25 25 25
1603537442 2020/10/24_20:04:02 50 25 25 25
1603537502 2020/10/24_20:05:02 50 25 25 25
1603537562 2020/10/24_20:06:02 50 25 25 25
1603537622 2020/10/24_20:07:02 50 25 25 25
1603537681 2020/10/24_20:08:01 50 25 25 25
1603537743 2020/10/24_20:09:03 50 25 25 25
1603537802 2020/10/24_20:10:02 50 25 25 25
1603537862 2020/10/24_20:11:02 50 25 25 25
1603537922 2020/10/24_20:12:02 50 25 25 25
1603537982 2020/10/24_20:13:02 50 25 25 25
1603538042 2020/10/24_20:14:02 50 25 25 25
1603538102 2020/10/24_20:15:02 50 25 25 25
1603538162 2020/10/24_20:16:02 50 25 25 25
1603538222 2020/10/24_20:17:02 50 25 25 25
1603538282 2020/10/24_20:18:02 50 25 25 25
1603538342 2020/10/24_20:19:02 50 25 25 25
1603538402 2020/10/24_20:20:02 50 25 25 25
1603538462 2020/10/24_20:21:02 50 25 25 25
1603538522 2020/10/24_20:22:02 50 25 25 25
1603538582 2020/10/24_20:23:02 50 25 25 25
1603538642 2020/10/24_20:24:02 50 25 25 25
1603538702 2020/10/24_20:25:02 50 25 25 25
1603538762 2020/10/24_20:26:02 50 25 25 25
1603538822 2020/10/24_20:27:02 50 25 25 25
1603538882 2020/10/24_20:28:02 50 25 25 25
1603538942 2020/10/24_20:29:02 50 25 25 25
1603539002 2020/10/24_20:30:02 50 25 25 25
1603539062 2020/10/24_20:31:02 50 25 25 25
1603539122 2020/10/24_20:32:02 50 25 25 25
1603539182 2020/10/24_20:33:02 50 25 25 25
1603539242 2020/10/24_20:34:02 50 25 25 25
1603539302 2020/10/24_20:35:02 50 25 25 25
1603539363 2020/10/24_20:36:03 50 25 25 25
1603539422 2020/10/24_20:37:02 50 25 25 25
1603539482 2020/10/24_20:38:02 50 25 25 25
1603539542 2020/10/24_20:39:02 50 25 25 25
1603539602 2020/10/24_20:40:02 50 25 25 25
1603539662 2020/10/24_20:41:02 50 25 25 25
1603539722 2020/10/24_20:42:02 50 25 25 25
1603539782 2020/10/24_20:43:02 50 25 25 25
1603539842 2020/10/24_20:44:02 50 25 25 25
1603539902 2020/10/24_20:45:02 50 25 25 25
1603539962 2020/10/24_20:46:02 50 25 25 25
1603540022 2020/10/24_20:47:02 50 25 25 25
1603540082 2020/10/24_20:48:02 50 25 25 25
1603540142 2020/10/24_20:49:02 50 25 25 25
1603540202 2020/10/24_20:50:02 50 25 25 25
1603540262 2020/10/24_20:51:02 50 25 25 25
1603540322 2020/10/24_20:52:02 50 25 25 25
1603540382 2020/10/24_20:53:02 50 25 25 25
1603540442 2020/10/24_20:54:02 50 25 25 25
1603540502 2020/10/24_20:55:02 50 25 25 25
1603540562 2020/10/24_20:56:02 50 25 25 25
1603540622 2020/10/24_20:57:02 50 25 25 25
1603540682 2020/10/24_20:58:02 50 25 25 25
1603540742 2020/10/24_20:59:02 50 25 25 25
1603540802 2020/10/24_21:00:02 50 25 25 25
1603540862 2020/10/24_21:01:02 50 25 25 25
1603540922 2020/10/24_21:02:02 50 25 25 25
1603540982 2020/10/24_21:03:02 50 25 25 25
1603541043 2020/10/24_21:04:03 50 25 25 25
1603541102 2020/10/24_21:05:02 50 25 25 25
1603541162 2020/10/24_21:06:02 50 25 25 25
