1603029362 2020/10/18_22:56:02 7 0 0 0
1603277650 2020/10/21_19:54:10 7 0 0 0
1603523979 2020/10/24_16:19:39 7 0 0 0
1603524336 2020/10/24_16:25:36 7 0 0 0
1603524491 2020/10/24_16:28:11 7 0 0 0
1603525144 2020/10/24_16:39:04 7 0 0 0
1603525204 2020/10/24_16:40:04 7 0 0 0
1603525263 2020/10/24_16:41:03 7 0 0 0
1603525324 2020/10/24_16:42:04 7 0 0 0
1603525383 2020/10/24_16:43:03 7 0 0 0
1603525444 2020/10/24_16:44:04 7 0 0 0
1603525503 2020/10/24_16:45:03 7 0 0 0
1603525563 2020/10/24_16:46:03 7 0 0 0
1603525624 2020/10/24_16:47:04 7 0 0 0
1603525684 2020/10/24_16:48:04 7 0 0 0
1603525744 2020/10/24_16:49:04 7 0 0 0
1603525804 2020/10/24_16:50:04 7 0 0 0
1603525864 2020/10/24_16:51:04 7 0 0 0
1603525924 2020/10/24_16:52:04 7 0 0 0
1603525984 2020/10/24_16:53:04 7 0 0 0
1603526044 2020/10/24_16:54:04 7 0 0 0
1603526104 2020/10/24_16:55:04 7 0 0 0
1603526164 2020/10/24_16:56:04 7 0 0 0
1603526224 2020/10/24_16:57:04 7 0 0 0
1603526284 2020/10/24_16:58:04 7 0 0 0
1603526344 2020/10/24_16:59:04 7 0 0 0
1603526404 2020/10/24_17:00:04 7 0 0 0
1603526464 2020/10/24_17:01:04 7 0 0 0
1603526524 2020/10/24_17:02:04 7 0 0 0
1603526584 2020/10/24_17:03:04 7 0 0 0
1603526644 2020/10/24_17:04:04 7 0 0 0
1603526704 2020/10/24_17:05:04 7 0 0 0
1603526764 2020/10/24_17:06:04 7 0 0 0
1603526824 2020/10/24_17:07:04 7 0 0 0
1603526883 2020/10/24_17:08:03 7 0 0 0
1603526944 2020/10/24_17:09:04 7 0 0 0
1603527003 2020/10/24_17:10:03 7 0 0 0
1603527063 2020/10/24_17:11:03 7 0 0 0
1603527123 2020/10/24_17:12:03 7 0 0 0
1603527183 2020/10/24_17:13:03 7 0 0 0
1603527244 2020/10/24_17:14:04 7 0 0 0
1603527304 2020/10/24_17:15:04 7 0 0 0
1603527364 2020/10/24_17:16:04 7 0 0 0
1603527424 2020/10/24_17:17:04 7 0 0 0
1603527483 2020/10/24_17:18:03 7 0 0 0
1603527544 2020/10/24_17:19:04 7 0 0 0
1603527604 2020/10/24_17:20:04 7 0 0 0
1603527664 2020/10/24_17:21:04 7 0 0 0
1603527724 2020/10/24_17:22:04 7 0 0 0
1603527785 2020/10/24_17:23:05 7 0 0 0
1603527844 2020/10/24_17:24:04 7 0 0 0
1603527904 2020/10/24_17:25:04 7 0 0 0
1603527964 2020/10/24_17:26:04 7 0 0 0
1603528024 2020/10/24_17:27:04 7 0 0 0
1603528084 2020/10/24_17:28:04 7 0 0 0
1603528144 2020/10/24_17:29:04 7 0 0 0
1603528204 2020/10/24_17:30:04 7 0 0 0
1603528264 2020/10/24_17:31:04 7 0 0 0
1603528324 2020/10/24_17:32:04 7 0 0 0
1603528383 2020/10/24_17:33:03 7 0 0 0
1603528444 2020/10/24_17:34:04 7 0 0 0
1603528503 2020/10/24_17:35:03 7 0 0 0
1603528563 2020/10/24_17:36:03 7 0 0 0
1603528624 2020/10/24_17:37:04 7 0 0 0
1603528683 2020/10/24_17:38:03 7 0 0 0
1603528744 2020/10/24_17:39:04 7 0 0 0
1603528804 2020/10/24_17:40:04 7 0 0 0
1603528864 2020/10/24_17:41:04 7 0 0 0
1603528924 2020/10/24_17:42:04 7 0 0 0
1603528984 2020/10/24_17:43:04 7 0 0 0
1603529044 2020/10/24_17:44:04 7 0 0 0
1603529104 2020/10/24_17:45:04 7 0 0 0
1603529164 2020/10/24_17:46:04 7 0 0 0
1603529224 2020/10/24_17:47:04 7 0 0 0
1603529283 2020/10/24_17:48:03 7 0 0 0
1603529344 2020/10/24_17:49:04 7 0 0 0
1603529404 2020/10/24_17:50:04 7 0 0 0
1603529463 2020/10/24_17:51:03 7 0 0 0
1603529523 2020/10/24_17:52:03 7 0 0 0
1603529583 2020/10/24_17:53:03 7 0 0 0
1603529644 2020/10/24_17:54:04 7 0 0 0
1603529704 2020/10/24_17:55:04 7 0 0 0
1603529764 2020/10/24_17:56:04 7 0 0 0
1603529824 2020/10/24_17:57:04 7 0 0 0
1603529884 2020/10/24_17:58:04 7 0 0 0
1603529943 2020/10/24_17:59:03 7 0 0 0
1603530004 2020/10/24_18:00:04 7 0 0 0
1603530064 2020/10/24_18:01:04 7 0 0 0
1603530124 2020/10/24_18:02:04 7 0 0 0
1603530183 2020/10/24_18:03:03 7 0 0 0
1603530244 2020/10/24_18:04:04 7 0 0 0
1603530303 2020/10/24_18:05:03 7 0 0 0
1603530364 2020/10/24_18:06:04 7 0 0 0
1603530424 2020/10/24_18:07:04 7 0 0 0
1603530484 2020/10/24_18:08:04 7 0 0 0
1603530544 2020/10/24_18:09:04 7 0 0 0
1603530604 2020/10/24_18:10:04 7 0 0 0
1603530664 2020/10/24_18:11:04 7 0 0 0
1603530724 2020/10/24_18:12:04 7 0 0 0
1603530784 2020/10/24_18:13:04 7 0 0 0
1603530844 2020/10/24_18:14:04 7 0 0 0
1603530904 2020/10/24_18:15:04 7 0 0 0
1603530964 2020/10/24_18:16:04 7 0 0 0
1603531024 2020/10/24_18:17:04 7 0 0 0
1603531084 2020/10/24_18:18:04 7 0 0 0
1603531143 2020/10/24_18:19:03 7 0 0 0
1603531204 2020/10/24_18:20:04 7 0 0 0
1603531264 2020/10/24_18:21:04 7 0 0 0
1603531324 2020/10/24_18:22:04 7 0 0 0
1603531384 2020/10/24_18:23:04 7 0 0 0
1603531444 2020/10/24_18:24:04 7 0 0 0
1603531504 2020/10/24_18:25:04 7 0 0 0
1603531565 2020/10/24_18:26:05 7 0 0 0
1603531624 2020/10/24_18:27:04 7 0 0 0
1603531683 2020/10/24_18:28:03 7 0 0 0
1603531744 2020/10/24_18:29:04 7 0 0 0
1603531805 2020/10/24_18:30:05 7 0 0 0
1603531867 2020/10/24_18:31:07 7 0 0 0
1603531924 2020/10/24_18:32:04 7 0 0 0
1603531987 2020/10/24_18:33:07 7 0 0 0
1603532044 2020/10/24_18:34:04 7 0 0 0
1603532104 2020/10/24_18:35:04 7 0 0 0
1603532164 2020/10/24_18:36:04 7 0 0 0
1603532224 2020/10/24_18:37:04 7 0 0 0
1603532284 2020/10/24_18:38:04 7 0 0 0
1603532344 2020/10/24_18:39:04 7 0 0 0
1603532403 2020/10/24_18:40:03 7 0 0 0
1603532464 2020/10/24_18:41:04 7 0 0 0
1603532524 2020/10/24_18:42:04 7 0 0 0
1603532584 2020/10/24_18:43:04 7 0 0 0
1603532644 2020/10/24_18:44:04 7 0 0 0
1603532704 2020/10/24_18:45:04 7 0 0 0
1603532764 2020/10/24_18:46:04 7 0 0 0
1603532823 2020/10/24_18:47:03 7 0 0 0
1603532883 2020/10/24_18:48:03 7 0 0 0
1603532944 2020/10/24_18:49:04 7 0 0 0
1603533004 2020/10/24_18:50:04 7 0 0 0
1603533064 2020/10/24_18:51:04 7 0 0 0
1603533124 2020/10/24_18:52:04 7 0 0 0
1603533184 2020/10/24_18:53:04 7 0 0 0
1603533244 2020/10/24_18:54:04 7 0 0 0
1603533304 2020/10/24_18:55:04 7 0 0 0
1603533364 2020/10/24_18:56:04 7 0 0 0
1603533424 2020/10/24_18:57:04 7 0 0 0
1603533483 2020/10/24_18:58:03 7 0 0 0
1603533543 2020/10/24_18:59:03 7 0 0 0
1603533604 2020/10/24_19:00:04 7 0 0 0
1603533664 2020/10/24_19:01:04 7 0 0 0
1603533724 2020/10/24_19:02:04 7 0 0 0
1603533784 2020/10/24_19:03:04 7 0 0 0
1603533844 2020/10/24_19:04:04 7 0 0 0
1603533904 2020/10/24_19:05:04 7 0 0 0
1603533964 2020/10/24_19:06:04 7 0 0 0
1603534024 2020/10/24_19:07:04 7 0 0 0
1603534083 2020/10/24_19:08:03 7 0 0 0
1603534144 2020/10/24_19:09:04 7 0 0 0
1603534204 2020/10/24_19:10:04 7 0 0 0
1603534264 2020/10/24_19:11:04 7 0 0 0
1603534324 2020/10/24_19:12:04 7 0 0 0
1603534384 2020/10/24_19:13:04 7 0 0 0
1603534444 2020/10/24_19:14:04 7 0 0 0
1603534504 2020/10/24_19:15:04 7 0 0 0
1603534563 2020/10/24_19:16:03 7 0 0 0
1603534624 2020/10/24_19:17:04 7 0 0 0
1603534684 2020/10/24_19:18:04 7 0 0 0
1603534744 2020/10/24_19:19:04 7 0 0 0
1603534804 2020/10/24_19:20:04 7 0 0 0
1603534864 2020/10/24_19:21:04 7 0 0 0
1603534924 2020/10/24_19:22:04 7 0 0 0
1603534983 2020/10/24_19:23:03 7 0 0 0
1603535044 2020/10/24_19:24:04 7 0 0 0
1603535104 2020/10/24_19:25:04 7 0 0 0
1603535164 2020/10/24_19:26:04 7 0 0 0
1603535224 2020/10/24_19:27:04 7 0 0 0
1603535284 2020/10/24_19:28:04 7 0 0 0
1603535344 2020/10/24_19:29:04 7 0 0 0
1603535404 2020/10/24_19:30:04 7 0 0 0
1603535464 2020/10/24_19:31:04 7 0 0 0
1603535524 2020/10/24_19:32:04 7 0 0 0
1603535583 2020/10/24_19:33:03 7 0 0 0
1603535644 2020/10/24_19:34:04 7 0 0 0
1603535704 2020/10/24_19:35:04 7 0 0 0
1603535764 2020/10/24_19:36:04 7 0 0 0
1603535824 2020/10/24_19:37:04 7 0 0 0
1603535884 2020/10/24_19:38:04 7 0 0 0
1603535944 2020/10/24_19:39:04 7 0 0 0
1603536004 2020/10/24_19:40:04 7 0 0 0
1603536064 2020/10/24_19:41:04 7 0 0 0
1603536124 2020/10/24_19:42:04 7 0 0 0
1603536184 2020/10/24_19:43:04 7 0 0 0
1603536244 2020/10/24_19:44:04 7 0 0 0
1603536304 2020/10/24_19:45:04 7 0 0 0
1603536363 2020/10/24_19:46:03 7 0 0 0
1603536424 2020/10/24_19:47:04 7 0 0 0
1603536484 2020/10/24_19:48:04 7 0 0 0
1603536544 2020/10/24_19:49:04 7 0 0 0
1603536604 2020/10/24_19:50:04 7 0 0 0
1603536664 2020/10/24_19:51:04 7 0 0 0
1603536724 2020/10/24_19:52:04 7 0 0 0
1603536784 2020/10/24_19:53:04 7 0 0 0
1603536844 2020/10/24_19:54:04 7 0 0 0
1603536905 2020/10/24_19:55:05 7 0 0 0
1603536964 2020/10/24_19:56:04 7 0 0 0
1603537024 2020/10/24_19:57:04 7 0 0 0
1603537084 2020/10/24_19:58:04 7 0 0 0
1603537144 2020/10/24_19:59:04 7 0 0 0
1603537204 2020/10/24_20:00:04 7 0 0 0
1603537264 2020/10/24_20:01:04 7 0 0 0
1603537324 2020/10/24_20:02:04 7 0 0 0
1603537384 2020/10/24_20:03:04 7 0 0 0
1603537444 2020/10/24_20:04:04 7 0 0 0
1603537504 2020/10/24_20:05:04 7 0 0 0
1603537564 2020/10/24_20:06:04 7 0 0 0
1603537624 2020/10/24_20:07:04 7 0 0 0
1603537683 2020/10/24_20:08:03 7 0 0 0
1603537745 2020/10/24_20:09:05 7 0 0 0
1603537804 2020/10/24_20:10:04 7 0 0 0
1603537864 2020/10/24_20:11:04 7 0 0 0
1603537924 2020/10/24_20:12:04 7 0 0 0
1603537984 2020/10/24_20:13:04 7 0 0 0
1603538044 2020/10/24_20:14:04 7 0 0 0
1603538104 2020/10/24_20:15:04 7 0 0 0
1603538164 2020/10/24_20:16:04 7 0 0 0
1603538225 2020/10/24_20:17:05 7 0 0 0
1603538284 2020/10/24_20:18:04 7 0 0 0
1603538344 2020/10/24_20:19:04 7 0 0 0
1603538404 2020/10/24_20:20:04 7 0 0 0
1603538464 2020/10/24_20:21:04 7 0 0 0
1603538524 2020/10/24_20:22:04 7 0 0 0
1603538584 2020/10/24_20:23:04 7 0 0 0
1603538644 2020/10/24_20:24:04 7 0 0 0
1603538704 2020/10/24_20:25:04 7 0 0 0
1603538764 2020/10/24_20:26:04 7 0 0 0
1603538824 2020/10/24_20:27:04 7 0 0 0
1603538884 2020/10/24_20:28:04 7 0 0 0
1603538945 2020/10/24_20:29:05 7 0 0 0
1603539004 2020/10/24_20:30:04 7 0 0 0
1603539064 2020/10/24_20:31:04 7 0 0 0
1603539124 2020/10/24_20:32:04 7 0 0 0
1603539184 2020/10/24_20:33:04 7 0 0 0
1603539244 2020/10/24_20:34:04 7 0 0 0
1603539304 2020/10/24_20:35:04 7 0 0 0
1603539365 2020/10/24_20:36:05 7 0 0 0
1603539424 2020/10/24_20:37:04 7 0 0 0
1603539484 2020/10/24_20:38:04 7 0 0 0
1603539544 2020/10/24_20:39:04 7 0 0 0
1603539604 2020/10/24_20:40:04 7 0 0 0
1603539664 2020/10/24_20:41:04 7 0 0 0
1603539724 2020/10/24_20:42:04 7 0 0 0
1603539784 2020/10/24_20:43:04 7 0 0 0
1603539844 2020/10/24_20:44:04 7 0 0 0
1603539904 2020/10/24_20:45:04 7 0 0 0
1603539964 2020/10/24_20:46:04 7 0 0 0
1603540025 2020/10/24_20:47:05 7 0 0 0
1603540084 2020/10/24_20:48:04 7 0 0 0
1603540144 2020/10/24_20:49:04 7 0 0 0
1603540204 2020/10/24_20:50:04 7 0 0 0
1603540265 2020/10/24_20:51:05 7 0 0 0
1603540324 2020/10/24_20:52:04 7 0 0 0
1603540384 2020/10/24_20:53:04 7 0 0 0
1603540444 2020/10/24_20:54:04 7 0 0 0
1603540505 2020/10/24_20:55:05 7 0 0 0
1603540564 2020/10/24_20:56:04 7 0 0 0
1603540624 2020/10/24_20:57:04 7 0 0 0
1603540684 2020/10/24_20:58:04 7 0 0 0
1603540744 2020/10/24_20:59:04 7 0 0 0
1603540804 2020/10/24_21:00:04 7 0 0 0
1603540864 2020/10/24_21:01:04 7 0 0 0
1603540925 2020/10/24_21:02:05 7 0 0 0
1603540983 2020/10/24_21:03:03 7 0 0 0
1603541045 2020/10/24_21:04:05 7 0 0 0
1603541104 2020/10/24_21:05:04 7 0 0 0
1603541164 2020/10/24_21:06:04 7 0 0 0
